iteration 1-1
RL_Width: 2500
RL_Length: 1800
W1_num_finger: 12
W1_finger_width: 667.0155967576635
W2_num_finger: 7
W2_finger_width: 800.3727601790525
RS_Width: 1750
RS_Length: 2500
CS_Width: 4174
CS_Length: 8000

